   2.0000000e+00   1.4451491e+00   1.1138896e+00   3.2641323e-01  -1.0404402e+00   6.1079090e-01   9.2634967e-02   4.9821327e-01  -1.1097016e+00   2.4710709e+00  -9.5074054e-02
   2.0000000e+00   3.1945507e-01   2.5048528e-01   5.1746318e-01  -9.6754839e-01  -5.8009218e-01  -5.6840506e-01   1.7892415e-01  -8.4204210e-01  -8.6496848e-01  -1.0472194e-01
   2.0000000e+00   1.1651555e+00  -5.2690023e-01   2.8435599e+00   1.1088864e+00   1.3695767e-01  -1.6713573e+00  -1.5464835e-01  -4.9955994e-01   1.0569114e+00  -5.0493651e-01
   2.0000000e+00  -1.3192595e+00  -7.2864983e-01  -9.5683918e-01   2.2816446e-01   7.5995147e-01   1.0731697e+00   1.9224402e+00  -2.2143272e+00   3.6222110e-01  -4.2792448e-01
   2.0000000e+00   3.1756226e-01   7.7155151e-01  -7.0033434e-01  -1.5011526e-01  -2.5234575e-01  -3.0424493e-01   1.7336210e+00   1.0722843e+00  -5.6066404e-01   1.1686712e+00
   2.0000000e+00   3.5445493e-01  -7.5017613e-01   1.3795632e-01   1.0892078e+00   2.5527085e-01  -5.3016149e-01  -1.1733621e-01   2.9340401e-02  -2.1875190e+00  -9.7803072e-01
   2.0000000e+00  -1.3334331e+00  -1.1017142e+00   6.7601247e-01   1.2432784e+00   5.2131248e-01  -3.6748293e-01  -2.3813949e-01  -2.7939336e-01   5.1437757e-01  -4.9721252e-01
   2.0000000e+00   1.7479034e-01   9.3686776e-01   9.3959833e-01   9.0403502e-01  -1.0614043e+00  -1.1453572e-01   3.4799379e-01  -3.2095275e-01  -9.7013510e-01   1.0111766e+00
   2.0000000e+00  -1.3995902e+00  -3.8904898e-01  -6.6370812e-01   3.6731462e-01  -1.5151499e+00  -9.5503138e-01  -3.4714495e-01   4.8060366e-01  -5.9015518e-01  -3.8489506e-01
   1.0000000e+00   3.7159619e-01  -7.6069279e-01  -1.1874029e+00   8.2441969e-01   1.5389715e+00  -1.4037617e+00  -1.0512400e-01   7.4480189e-01   1.3845024e-01   6.0997377e-01
   2.0000000e+00  -3.9497105e-01  -9.9019796e-01  -1.3219005e+00  -3.3515695e-01   6.4403514e-01   2.0681737e+00  -3.5044778e-01  -1.6875181e+00   8.7335610e-01  -8.7639953e-01
   2.0000000e+00   2.0059561e+00  -2.7594327e-01   2.3160437e-01  -3.0263492e-01  -1.6097346e+00   6.0621374e-01  -8.7621603e-01   8.2038119e-01   3.5393304e-01   7.3471675e-01
   2.0000000e+00   1.6061748e+00  -2.4003688e+00  -1.3281401e+00  -6.2226326e-01   1.2472321e+00   1.5899463e-01   1.4922872e+00  -4.1346909e-01  -4.7659498e-01   6.6862302e-01
   2.0000000e+00  -6.5052214e-01  -1.9509931e+00  -2.8366978e-01  -1.5719943e-01  -3.8084386e-01   1.0448310e+00   3.0506027e-02  -9.1522178e-01  -1.3125548e-01  -8.1913963e-01
   2.0000000e+00  -1.3849255e+00   1.8905440e+00   1.0675219e-01   1.0556407e+00   1.5688008e+00  -3.3936192e-01  -1.2225602e-01  -3.2121874e-01   6.7625484e-01  -8.5921086e-01
   2.0000000e+00   1.7882277e+00  -6.9878762e-02   5.2603969e-01  -7.7786263e-01  -9.9392792e-01  -3.1594816e-01  -4.1895669e-01  -7.6943752e-01   7.6423197e-01   1.3371281e-01
   1.0000000e+00  -7.0296444e-01   8.9675557e-01  -1.2546409e+00   9.3621201e-01  -1.3527927e+00  -2.6029054e-01   3.3198830e-01  -1.3956012e+00   4.6517005e-01   5.9627103e-01
   2.0000000e+00   9.2943041e-01  -1.0280945e+00  -8.5910976e-01   1.5459686e+00  -1.5771231e+00   5.8560876e-01  -7.1150519e-02   9.1158093e-01   9.5451794e-01  -1.4824189e+00
   2.0000000e+00  -1.3223354e+00   1.0784388e+00   1.4161778e+00  -3.3520661e-01   7.4788666e-01  -3.7427681e-01   3.0274597e-01   3.6746712e-02   4.6460739e-01   8.1945876e-01
   2.0000000e+00  -1.4594266e+00  -1.4579075e+00  -4.7567812e-01  -9.5130230e-01   3.8214129e-02  -4.4941913e-01   2.5364808e-01  -2.4150914e+00  -2.7433412e-01  -9.2707988e-01
   2.0000000e+00   6.4969907e-01  -1.4191725e+00  -6.9158159e-01  -1.1655713e-01   4.4021847e-01   6.8994375e-01   6.1324177e-01   3.0640721e-01  -5.1102935e-01  -8.1466390e-01
   2.0000000e+00   2.0116440e+00   9.4721314e-01   1.3481246e+00   4.3025445e-02   1.5299801e+00   7.0567881e-01   5.7818986e-01   5.4584640e-01   2.4848113e+00  -1.8607620e+00
   1.0000000e+00   3.6190585e-01  -7.1890999e-01   1.1144834e+00   2.7116301e+00   1.0646103e+00   3.1195245e-01  -7.9419807e-01   1.8745435e+00   7.4209246e-01  -3.3798479e-02
   2.0000000e+00  -1.3244705e+00  -2.3800184e-01   1.5770202e+00  -2.5196092e-01   4.5832141e-01  -7.6321192e-01  -7.6573592e-01  -2.7251457e+00  -6.3243232e-01  -8.3326772e-01
   2.0000000e+00   1.9581413e-01  -1.5998073e-01   1.7627263e-01   6.1919072e-01  -1.7357964e+00  -6.9969428e-02  -5.7568690e-01   1.2611914e-01  -1.1767249e+00  -5.5543332e-01
   2.0000000e+00  -4.6848469e-01  -1.8280333e+00  -1.2041991e-01   1.1557211e+00   1.4428556e+00  -1.0247505e+00   1.2178385e+00   2.4544135e+00  -1.1703884e+00  -6.5414133e-02
   2.0000000e+00  -9.9973521e-01   1.9994945e+00   2.2147343e-01   1.0379125e+00   3.8361866e-01  -4.4164800e-01   2.2898825e+00  -1.3383731e+00  -2.1963422e-01  -3.0245872e-01
   2.0000000e+00  -1.2049265e+00  -2.0583765e-01   1.0591734e+00   5.0648155e-01   1.1969459e+00  -5.3799704e-01  -1.3449201e-01   3.1154472e-01  -1.8093196e+00  -5.9489248e-01
   2.0000000e+00   4.8466299e-02   1.5716639e+00  -1.2612588e+00  -1.9892787e+00  -7.4493545e-01   2.4255351e+00   6.6635490e-01   7.2932783e-01   1.0875999e+00  -6.9252803e-02
   2.0000000e+00  -2.2851323e+00   7.5555805e-01  -1.1209572e+00  -7.0233950e-01   2.1917572e+00   6.0684360e-01   6.6043706e-01   1.0013806e+00   3.3929210e-01   8.1389345e-01
   2.0000000e+00  -1.6428960e+00   1.3534964e+00   7.9127698e-01  -6.3022255e-01   9.3658395e-02   6.2411742e-01  -3.5048352e-01   1.5314461e+00   1.0254553e+00  -7.7005871e-01
   2.0000000e+00  -9.8041438e-01   9.0345298e-02  -1.0064578e+00   2.3643751e+00   6.7437751e-01   1.1293957e+00  -6.2809474e-01  -1.5763667e+00  -1.3316869e+00   8.9340180e-01
   2.0000000e+00   2.2010325e+00   1.1901786e+00   1.0766927e+00   7.3488216e-01   2.6745223e-01  -1.3975419e-01   4.1803369e-02  -4.7581669e-01  -1.1146592e+00   1.2553440e+00
   2.0000000e+00  -3.1774442e-01  -7.8421798e-01   1.0884168e+00   5.7858814e-01  -3.1209528e+00  -1.8608572e-01   8.1285659e-01   6.7158038e-01  -8.8834666e-01  -7.9686949e-01
   1.0000000e+00   2.8243916e-01   8.2214626e-01   1.2472866e+00  -2.1898843e+00  -5.3492247e-01  -1.8554238e+00   5.5042535e-01  -1.0689803e+00   6.6547538e-02   1.1349203e+00
   1.0000000e+00   1.5919080e-01  -1.2622139e+00   1.1937189e-01  -6.3683523e-01  -6.9257331e-01   7.9548074e-01   1.0377690e+00   1.6245766e+00   1.0010843e-01   3.5047734e-01
   2.0000000e+00  -8.1485893e-01  -1.6737418e+00  -4.7218721e-01   3.6465694e-02  -2.8663779e+00   1.1430680e+00   5.1567732e-01   2.5359112e-01  -7.9000256e-01  -1.1671664e+00
   1.0000000e+00   7.9729838e-01  -1.0213911e+00   2.1445437e-01  -3.0041882e-02  -9.6695720e-01  -2.6313373e-02   1.2990119e+00  -6.3980194e-01   4.0856295e-02   4.1927870e-01
   2.0000000e+00  -1.2556325e+00  -8.0278068e-01  -1.5326165e-01   1.7041967e-01   1.7189528e-01  -2.4416369e+00  -1.0332143e-01  -7.7034438e-01   2.0796968e+00   9.7012991e-01
   2.0000000e+00   3.3086367e-01   1.1463342e-01  -1.2917084e+00   1.8338397e+00  -3.8129198e-01   1.3768486e+00   8.1992304e-01  -4.1310079e-01   1.2262305e+00  -1.7859933e-01
   2.0000000e+00   5.6014725e-01   8.7789148e-01  -2.4055962e-01   1.5772974e+00  -4.8935736e-01   2.2746862e+00  -3.7205163e-01  -5.7973873e-01   1.4821268e+00   2.8398103e-01
   2.0000000e+00  -1.2181150e+00  -3.0304055e-01   5.4574658e-01  -1.0963275e+00  -1.9149646e-01   4.2586443e-01  -1.6173794e-01   7.4137973e-01   2.0274914e+00  -1.2940024e+00
   2.0000000e+00  -1.3141760e-01   1.5950307e+00   1.8052996e+00   2.5245686e-01  -8.4612139e-02  -5.3633218e-02   5.5965071e-01  -1.2050855e+00  -3.8695109e-01   7.8155295e-01
   2.0000000e+00   1.4992066e+00  -1.6430156e+00  -2.1810938e+00  -8.6962130e-01  -1.1356009e+00   1.0998846e-01  -6.0694427e-01   1.1772938e-01  -1.7502302e+00  -4.2074538e-01
   2.0000000e+00   1.5780960e-01  -2.9728938e-01   4.4146927e-01  -5.2766562e-02  -1.4568984e+00  -7.5487221e-01  -1.7229735e-01   8.9683502e-01   1.7864088e+00   9.3520360e-01
   2.0000000e+00   6.5493218e-01   2.8728743e-01   8.2751836e-01  -2.1533739e+00   7.8816013e-01   7.6958854e-01   3.1237709e-01   1.5649086e+00   2.1957604e+00   2.9064625e-01
   2.0000000e+00   4.8732400e-01  -1.0287029e+00   2.6921814e-01   8.6179989e-01   1.5736501e-01   1.6345859e+00  -1.0978702e+00   5.3283411e-01  -4.8115005e-01   6.2990536e-01
   2.0000000e+00  -1.3691047e+00   6.1894549e-01   1.1251876e+00  -1.1434119e+00   1.0351842e+00   6.4977071e-01  -2.5395436e+00  -3.4261868e-01   2.0610462e+00   1.2470992e+00
   2.0000000e+00  -7.0001375e-01  -8.4080768e-01   1.3911098e+00  -1.0970008e+00   1.7501190e-01   2.5950476e-01   1.4496883e+00  -1.2312715e-01   6.6049251e-01  -1.6014292e+00
   2.0000000e+00   2.2418731e-01  -1.9427552e-04  -4.1387547e-01  -5.7865072e-01  -9.8918685e-02   2.6977148e-01  -4.6019802e-01  -7.7838343e-02   1.5320537e+00  -3.2448610e-01
   2.0000000e+00  -1.5767859e+00  -1.2830462e+00  -5.2854092e-01   1.0818941e+00  -1.5214145e-01  -1.0758609e+00  -2.7779291e-02  -3.3782270e-01   4.2835648e-01   1.2767490e+00
   1.0000000e+00  -1.3144126e-01  -2.8119910e-01   7.9473851e-01  -1.5343577e+00   1.4310088e+00  -1.0699025e+00   1.9446108e+00  -5.9116619e-01   1.9905817e-01  -1.1343708e+00
   2.0000000e+00  -1.1850283e+00   7.1601954e-01  -1.3580469e-02   7.5782580e-01   9.1406443e-01  -4.2422467e-01   1.1570944e-01   3.6911704e-01  -3.0498247e+00   1.0210149e+00
   2.0000000e+00  -2.5950638e-01  -4.4537254e-01  -3.9594076e-01   1.4058059e+00   1.2034333e+00   9.0816851e-01  -1.8511848e+00  -7.9039611e-01  -2.1964876e-01   1.0163695e-01
   2.0000000e+00  -8.7491183e-01   1.2218547e+00   4.1235708e-01   6.7052306e-01   4.5692688e-01  -6.0250700e-02   4.5087393e-01   1.7644794e+00   3.6969206e-01  -5.8917253e-02
   2.0000000e+00   1.2743553e+00  -1.1859044e+00   3.5157909e-01  -1.0172376e+00  -8.8881624e-01  -8.6470879e-01  -6.3634845e-01  -2.1390175e-01   2.8364959e-01   6.6546540e-01
   2.0000000e+00   1.1091353e+00   7.6402124e-01  -1.2256924e-01   1.2865244e+00  -9.1201575e-01  -4.9326281e-01  -9.2981371e-02  -3.5745563e-01  -1.3039080e+00   2.0898222e-01
   2.0000000e+00  -4.3648997e-01   6.4743715e-01  -1.6487628e-01  -1.3678036e+00  -1.5467404e-01  -3.2617259e-01  -1.3027290e+00   1.4807103e-01  -1.7677165e-01  -4.9503888e-01
   2.0000000e+00  -2.3306748e+00  -1.5560857e+00   5.0854154e-01  -1.1960709e+00   5.3586095e-01  -5.1498388e-01  -2.0758540e-01  -3.4215572e-01   2.2332362e+00  -2.7135759e-02
   2.0000000e+00  -4.7235414e-01   8.7928604e-01   1.4025884e-01   7.9677297e-01  -2.3419865e-01  -2.3472177e+00   1.1062198e+00   5.8243248e-01  -9.9681408e-01  -2.8726630e-01
   2.0000000e+00  -1.2543479e-01   4.7755351e-01   2.1496224e-01   4.3494029e-01   5.0916480e-01   3.0467132e-01   5.2271193e-01  -7.7632345e-01  -1.4262890e-01  -1.2649919e+00
   2.0000000e+00   9.5971157e-01  -2.6056798e+00  -7.9975158e-01  -5.8059201e-01  -1.9717663e-01   1.9979639e+00   4.3709404e-02   1.0619357e+00   7.7254631e-01   3.3595330e-01
   1.0000000e+00   3.9560829e-02   1.6434976e+00  -1.3337868e+00  -5.4640480e-01   2.5104894e-01   5.1446648e-01  -1.0572364e+00  -7.6468093e-01   1.0882863e-01   1.2304605e+00
   2.0000000e+00  -1.5806625e-01  -4.1759177e-01  -5.2545159e-01  -6.8467820e-01  -3.6451227e-01   1.8649659e+00  -1.0027901e+00   4.3552773e-01   1.0287354e+00   2.1814040e+00
   1.0000000e+00   8.2312208e-01   1.6204797e+00   1.2033591e-01   4.1836193e-01   1.5658254e-01   1.4880794e+00   2.9324556e-01   1.1101261e-01   2.3804930e-01  -6.7250186e-01
   2.0000000e+00  -1.4174555e-01   7.4199918e-01   4.0671512e-01  -6.6625053e-01   1.0777279e+00  -1.1365988e+00   1.1099952e+00   5.9355795e-01   1.1178094e+00   7.2927382e-02
   2.0000000e+00   9.4721529e-01   8.2018886e-01   1.0405651e+00   1.2938181e+00  -1.5504189e+00  -1.3532888e+00   6.8344377e-01  -6.2838320e-01  -9.9001463e-01  -2.0898184e+00
   2.0000000e+00  -5.0853910e-01  -3.6498530e-01  -3.2234423e-01   1.9316064e-01   3.0366193e-01  -4.8061216e-01  -7.4075594e-02  -2.8149795e-01  -1.0736748e+00  -1.5101105e-01
   2.0000000e+00   5.7399182e-01  -1.4684618e+00   1.3405389e+00  -2.6582031e-01   9.4506070e-01   1.2872242e-02  -1.0307358e+00   1.7409434e-01  -2.3401293e-01   2.7921626e+00
   2.0000000e+00   1.4461661e-01  -3.0800509e+00   1.8688408e-01   9.2917569e-03   1.2266477e-01   1.1386469e+00  -6.6775452e-02   4.5975552e-01   1.2012969e+00  -3.1391236e-01
   1.0000000e+00   5.9430846e-01  -5.7949194e-01  -1.8821621e+00   1.2356287e+00  -1.2650703e+00  -9.8129985e-01  -1.4341418e+00  -9.2440365e-01   5.1665053e-01  -2.0551005e-01
   2.0000000e+00  -5.9622632e-02  -5.4637499e-01  -2.0199956e+00   1.1560618e+00  -1.7890729e+00   1.9808219e-01   9.9201369e-01   5.6043003e-01  -1.6147014e-01   2.5525215e-01
   2.0000000e+00  -1.2141655e-01  -2.4456450e-01  -8.4078950e-01  -6.7601729e-01  -2.2903625e-01  -2.1008408e-01   9.4096956e-01  -1.3675604e+00  -7.8787459e-01  -4.6587757e-01
   2.0000000e+00  -2.6480512e-01   3.3392219e-01  -1.1763427e+00   2.0225661e+00  -4.4218611e-01   5.1721395e-01  -2.6297275e-02   1.5939130e+00  -5.9435043e-01  -1.7311542e+00
   2.0000000e+00  -1.5454605e+00  -1.4407538e+00  -7.3374547e-01   3.8658284e-02  -7.1097683e-01  -1.4546798e-01  -4.1239603e-01   9.6176399e-01   1.3486204e+00   8.0401646e-01
   2.0000000e+00   1.7284998e-01   1.3618757e+00   1.2337765e+00   1.8879465e-01  -1.7159997e-01  -8.0099725e-01  -2.5645563e+00   1.7779567e+00  -1.4117077e+00   6.1984743e-01
   2.0000000e+00   8.1001288e-01  -2.4609074e-01   2.1342325e-02   1.7955212e-01  -8.5290875e-01  -1.5678320e-01   1.3933579e+00  -1.6546853e-01  -9.8495592e-01  -4.7904903e-02
   2.0000000e+00   7.4389175e-01   1.2354402e+00   1.7752251e+00  -1.5655948e+00   7.0912754e-01   6.4382062e-01   7.4524883e-01   9.0016593e-01  -1.0612417e+00  -1.9765493e-01
   1.0000000e+00  -9.5858302e-02  -2.1519656e+00   7.1520978e-01   8.9349610e-01   1.4230168e+00  -2.4120149e+00   1.4685018e-01   4.1715953e-01   2.8458730e-01   1.7192511e+00
   2.0000000e+00   4.7179084e-02  -3.4387392e+00   6.2569135e-01  -2.8489650e+00   6.4236223e-01  -6.3793598e-01   3.4834136e-01  -1.4546705e+00  -1.3439514e+00   6.6407335e-01
   2.0000000e+00  -8.8763511e-02  -6.7344357e-01  -2.2773421e+00   1.2936037e+00  -4.9790781e-01  -3.7860446e-01  -2.4638265e+00   1.3145908e+00  -6.7757725e-01   5.0423646e-01
   2.0000000e+00  -8.1529892e-01  -3.4353960e-01  -1.1845501e-01   6.9203819e-01  -8.7532660e-02   7.4122487e-01  -6.2328344e-01  -1.4455740e+00  -3.4458601e-01   4.9870025e-01
   2.0000000e+00   1.1668111e+00  -3.6812426e-01   2.9782548e-01   9.0839701e-01   5.1323159e-01  -1.0779110e+00   8.3172507e-02  -7.1996848e-01   1.8258775e+00  -8.9903108e-02
   2.0000000e+00  -1.8284746e+00   8.6648930e-01  -6.0586494e-02   2.4769231e-01   1.4015347e-01  -1.2746584e+00   2.4791738e-01   4.4695228e-01  -5.2521523e-02  -9.6049917e-02
   2.0000000e+00  -7.0234752e-01   1.1184992e-01  -7.0589709e-01   6.7097848e-01  -2.6829862e+00   1.0236941e+00   7.4376524e-01   7.1129908e-01  -1.0453171e+00  -3.6486062e-01
   2.0000000e+00  -7.4659508e-01  -2.6446469e-01  -1.3186078e+00  -1.3119652e+00   3.4260239e-01   4.1520423e-01  -3.4077911e-01   3.3239601e-01  -1.5732468e+00  -8.2840248e-03
   2.0000000e+00  -1.4163524e+00  -3.8040437e-01   1.2851126e+00   1.1461793e-01   1.8133327e-01  -4.7771860e-02  -6.6221488e-01   7.4982191e-01  -5.8567597e-01  -1.9137516e-01
   2.0000000e+00   8.6677758e-01  -1.1848026e+00   1.0046259e+00   2.2563935e+00   1.1762031e+00   1.6078610e+00   1.0151399e+00   8.6693169e-01  -7.7304741e-01   2.3450528e-01
   2.0000000e+00  -6.2786039e-01   1.8442390e+00   7.8354156e-01   9.0449940e-01  -1.6689787e+00  -7.2192242e-01  -7.9970828e-01  -2.9380203e+00  -8.9272837e-01  -1.5854394e+00
   2.0000000e+00   1.7047811e+00  -7.6773250e-01  -1.2266843e-01  -1.9778947e+00  -6.5000597e-01  -5.6603799e-01  -1.4795160e+00   6.6310082e-01   1.3746628e+00  -2.2970188e-01
   1.0000000e+00   1.2946758e-01   6.1479226e-01   7.8903259e-01   9.3255092e-01  -1.9494823e+00  -4.3429650e-01   8.2337595e-01  -1.2094577e+00   6.0344192e-01   1.0566742e+00
   2.0000000e+00  -5.3270673e-01  -1.0094018e+00  -1.1591199e+00   1.2423721e+00   7.9677293e-01  -9.5342509e-01   3.3822980e-01   4.9564477e-01   8.2479355e-01  -1.1698937e+00
   2.0000000e+00  -2.5586986e+00  -7.9429295e-01  -1.4811353e-01  -4.8964166e-01  -1.1867040e+00   5.9791586e-01  -7.8349023e-01  -6.2738445e-01  -2.1297964e+00  -9.9668011e-01
   1.0000000e+00   2.3180224e-02  -1.4920008e+00  -2.0891315e+00  -7.9062557e-02   1.9180150e+00   6.7617258e-01   9.1935032e-01   1.0686524e+00   8.9586799e-01   1.2588843e+00
   2.0000000e+00   3.8819609e-01   1.4259881e+00   8.4159594e-01  -2.4076292e-01  -2.9914559e-01   1.2942992e+00   7.1769988e-01   1.5271643e+00   2.1005924e+00   9.2472268e-01
   2.0000000e+00   2.6239002e-01  -5.7628495e-01  -9.8623319e-01   1.4120313e+00  -2.3507024e-01   7.4782861e-01  -9.8064888e-01   4.1222055e-01  -2.4646683e-01  -8.6640523e-01
   2.0000000e+00  -1.2843539e+00   8.0224844e-01   3.9495746e-01   2.8309842e-01   5.4317837e-01  -1.6897310e+00  -1.7260935e-01   1.1938092e+00   1.5167330e+00   1.2250300e-01
   2.0000000e+00  -1.6055380e+00  -1.9440137e+00  -2.0827242e+00  -6.3896150e-01   2.0202781e+00  -4.9412095e-01   9.4346733e-01   3.0657466e-01   2.0155795e-01   2.2492791e-01
   2.0000000e+00   2.0419171e+00  -1.4623391e+00  -7.4927877e-01  -1.8201697e+00  -9.1083091e-01   9.4797194e-01   1.0034131e+00   1.1384699e+00  -1.5096752e+00  -1.8129597e+00
   1.0000000e+00   2.6036245e-01  -6.8108930e-01   2.7217607e-01  -1.1825726e+00  -7.2116000e-01  -3.8618744e-01  -1.0391701e+00  -1.7734701e-01   1.6629150e-01  -1.1299135e+00
